15 15 1669885621
21 17 1669885621
37 18 1669885621
49 19 1669885621
112 20 1669885621
129 23 1669885621
132 24 1669885621
142 25 1669885621
15 14.8225 1669885651
21 17.0921 1669885651
37 18.1894 1669885651
49 18.8869 1669885651
112 19.9851 1669885651
129 22.7768 1669885651
132 24.24 1669885651
142 24.9276 1669885651
15 14.6579 1669885681
21 16.9762 1669885681
37 18.3949 1669885681
49 18.6705 1669885681
112 19.9096 1669885681
129 22.5307 1669885681
132 24.3392 1669885681
142 24.7545 1669885681
15 14.8364 1669885711
21 17.1662 1669885711
37 18.2947 1669885711
49 18.897 1669885711
112 19.6914 1669885711
129 22.7461 1669885711
132 24.4272 1669885711
142 24.6506 1669885711
15 15.0801 1669885741
21 17.1468 1669885741
37 18.3165 1669885741
49 18.6582 1669885741
112 19.5943 1669885741
129 22.9348 1669885741
132 24.5769 1669885741
142 24.681 1669885741
15 15.272 1669885771
21 16.9478 1669885771
37 18.1316 1669885771
49 18.4597 1669885771
112 19.7092 1669885771
129 22.8615 1669885771
132 24.6195 1669885771
142 24.8518 1669885771
15 15.1431 1669885801
21 16.9482 1669885801
37 18.053 1669885801
49 18.456 1669885801
112 19.6419 1669885801
129 22.7979 1669885801
132 24.7201 1669885801
142 24.6896 1669885801
15 15.3047 1669885831
21 16.84 1669885831
37 18.0682 1669885831
49 18.5149 1669885831
112 19.862 1669885831
129 22.574 1669885831
132 24.6465 1669885831
142 24.5952 1669885831
15 15.0931 1669885861
21 16.6616 1669885861
37 18.1247 1669885861
49 18.5381 1669885861
112 19.7863 1669885861
129 22.5676 1669885861
132 24.8932 1669885861
142 24.7358 1669885861
15 15.2512 1669885891
21 16.6648 1669885891
37 18.0062 1669885891
49 18.3 1669885891
112 19.8315 1669885891
129 22.7591 1669885891
132 24.9833 1669885891
142 24.6893 1669885891
15 15.2336 1669885921
21 16.6371 1669885921
37 18.0058 1669885921
49 18.5124 1669885921
112 19.8433 1669885921
129 22.9974 1669885921
132 24.9344 1669885921
142 24.4462 1669885921
15 15.1094 1669885951
21 16.8079 1669885951
37 17.9573 1669885951
49 18.6595 1669885951
112 19.9311 1669885951
129 23.0323 1669885951
132 25.1263 1669885951
142 24.223 1669885951
15 15.335 1669885981
21 16.7684 1669885981
37 17.8519 1669885981
49 18.6406 1669885981
112 19.7687 1669885981
129 23.0862 1669885981
132 25.2186 1669885981
142 24.3631 1669885981
15 15.2984 1669886011
21 16.5597 1669886011
37 18.0707 1669886011
49 18.6627 1669886011
112 19.8179 1669886011
129 23.1398 1669886011
132 25.422 1669886011
142 24.4115 1669886011
15 15.1863 1669886041
21 16.3835 1669886041
37 18.0347 1669886041
49 18.4195 1669886041
112 19.6398 1669886041
129 23.0865 1669886041
132 25.3962 1669886041
142 24.2662 1669886041
15 15.1041 1669886071
21 16.4005 1669886071
37 18.1429 1669886071
49 18.6344 1669886071
112 19.4357 1669886071
129 22.8588 1669886071
132 25.4202 1669886071
142 24.1439 1669886071
15 15.1958 1669886101
21 16.4429 1669886101
37 18.057 1669886101
49 18.8026 1669886101
112 19.6588 1669886101
129 22.9431 1669886101
132 25.3193 1669886101
142 23.9658 1669886101
15 14.9521 1669886131
21 16.3228 1669886131
37 18.0352 1669886131
49 18.7071 1669886131
112 19.4097 1669886131
129 22.7553 1669886131
132 25.5368 1669886131
142 24.1974 1669886131
15 15.1877 1669886161
21 16.4061 1669886161
37 17.9393 1669886161
49 18.7645 1669886161
112 19.3297 1669886161
129 22.5546 1669886161
132 25.7612 1669886161
142 24.1581 1669886161
15 14.9912 1669886191
21 16.3845 1669886191
37 18.0683 1669886191
49 18.7588 1669886191
112 19.2861 1669886191
129 22.8033 1669886191
132 25.7627 1669886191
142 24.3936 1669886191
15 15.0267 1669886221
21 16.3526 1669886221
37 17.9387 1669886221
49 18.7922 1669886221
112 19.2589 1669886221
129 23.0379 1669886221
132 25.6141 1669886221
142 24.3712 1669886221
15 15.0838 1669886251
21 16.5329 1669886251
37 17.8605 1669886251
49 18.6014 1669886251
112 19.4382 1669886251
129 23.2828 1669886251
132 25.3667 1669886251
142 24.5415 1669886251
15 14.9452 1669886281
21 16.4142 1669886281
37 17.9818 1669886281
49 18.5166 1669886281
112 19.5841 1669886281
129 23.2125 1669886281
132 25.584 1669886281
142 24.7239 1669886281
15 15.1647 1669886311
21 16.3371 1669886311
37 18.2163 1669886311
49 18.5414 1669886311
112 19.6352 1669886311
129 23.0324 1669886311
132 25.4945 1669886311
142 24.8299 1669886311
15 14.9321 1669886341
21 16.2995 1669886341
37 18.4603 1669886341
49 18.5737 1669886341
112 19.8313 1669886341
129 22.8013 1669886341
132 25.4832 1669886341
142 24.6589 1669886341
15 15.0408 1669886371
21 16.1136 1669886371
37 18.5719 1669886371
49 18.4381 1669886371
112 19.6959 1669886371
129 23.0424 1669886371
132 25.2744 1669886371
142 24.8929 1669886371
15 15.2834 1669886401
21 16.1636 1669886401
37 18.5611 1669886401
49 18.4183 1669886401
112 19.5573 1669886401
129 22.8865 1669886401
132 25.0532 1669886401
142 25.0056 1669886401
15 15.0689 1669886431
21 16.0296 1669886431
37 18.6424 1669886431
49 18.6364 1669886431
112 19.3245 1669886431
129 23.036 1669886431
132 24.9972 1669886431
142 25.0953 1669886431
15 14.9003 1669886461
21 15.7979 1669886461
37 18.5677 1669886461
49 18.6866 1669886461
112 19.4288 1669886461
129 22.9389 1669886461
132 24.831 1669886461
142 25.1669 1669886461
15 14.7622 1669886491
21 15.6137 1669886491
37 18.8174 1669886491
49 18.657 1669886491
112 19.6539 1669886491
129 23.0943 1669886491
132 24.6434 1669886491
142 25.1461 1669886491
15 14.6623 1669886521
21 15.5898 1669886521
37 18.594 1669886521
49 18.8385 1669886521
112 19.4465 1669886521
129 23.2763 1669886521
132 24.4076 1669886521
142 24.9182 1669886521
15 14.7376 1669886551
21 15.7019 1669886551
37 18.4889 1669886551
49 18.7812 1669886551
112 19.6942 1669886551
129 23.0428 1669886551
132 24.4904 1669886551
142 24.966 1669886551
15 14.6869 1669886581
21 15.921 1669886581
37 18.4772 1669886581
49 18.6844 1669886581
112 19.8181 1669886581
129 23.093 1669886581
132 24.5049 1669886581
142 24.7451 1669886581
15 14.5322 1669886611
21 15.6966 1669886611
37 18.3956 1669886611
49 18.6693 1669886611
112 19.8132 1669886611
129 23.2251 1669886611
132 24.7373 1669886611
142 24.804 1669886611
15 14.5299 1669886641
21 15.6506 1669886641
37 18.5784 1669886641
49 18.5334 1669886641
112 20.0388 1669886641
129 23.2343 1669886641
132 24.6331 1669886641
142 24.8415 1669886641
15 14.6775 1669886671
21 15.6107 1669886671
37 18.7085 1669886671
49 18.4074 1669886671
112 20.0486 1669886671
129 23.4533 1669886671
132 24.5417 1669886671
142 24.9085 1669886671
15 14.8651 1669886701
21 15.5474 1669886701
37 18.5087 1669886701
49 18.5781 1669886701
112 20.0359 1669886701
129 23.6791 1669886701
132 24.6711 1669886701
142 24.8275 1669886701
15 15.0354 1669886731
21 15.7187 1669886731
37 18.48 1669886731
49 18.3803 1669886731
112 19.98 1669886731
129 23.8293 1669886731
132 24.5734 1669886731
142 24.6328 1669886731
15 14.9233 1669886761
21 15.5107 1669886761
37 18.3164 1669886761
49 18.2588 1669886761
112 19.7865 1669886761
129 23.7246 1669886761
132 24.543 1669886761
142 24.4406 1669886761
15 14.7614 1669886791
21 15.7347 1669886791
37 18.2212 1669886791
49 18.1229 1669886791
112 19.5632 1669886791
129 23.7976 1669886791
132 24.6412 1669886791
142 24.663 1669886791
15 14.9565 1669886821
21 15.6422 1669886821
37 18.4431 1669886821
49 18.2303 1669886821
112 19.6174 1669886821
129 23.6562 1669886821
132 24.7497 1669886821
142 24.8935 1669886821
15 14.8772 1669886851
21 15.7819 1669886851
37 18.267 1669886851
49 18.3048 1669886851
112 19.7535 1669886851
129 23.695 1669886851
132 24.6617 1669886851
142 25.1297 1669886851
15 14.7332 1669886881
21 15.7017 1669886881
37 18.2738 1669886881
49 18.1823 1669886881
112 19.9476 1669886881
129 23.7183 1669886881
132 24.8426 1669886881
142 25.2849 1669886881
15 14.7923 1669886911
21 15.52 1669886911
37 18.2344 1669886911
49 18.2592 1669886911
112 19.9255 1669886911
129 23.7259 1669886911
132 24.6925 1669886911
142 25.1757 1669886911
15 14.5576 1669886941
21 15.7046 1669886941
37 18.3774 1669886941
49 18.1446 1669886941
112 20.0341 1669886941
129 23.4873 1669886941
132 24.51 1669886941
142 25.3879 1669886941
15 14.7345 1669886971
21 15.6417 1669886971
37 18.2728 1669886971
49 17.9694 1669886971
112 20.0156 1669886971
129 23.7015 1669886971
132 24.4604 1669886971
142 25.6233 1669886971
15 14.5451 1669887001
21 15.8904 1669887001
37 18.0515 1669887001
49 18.0363 1669887001
112 19.8322 1669887001
129 23.7843 1669887001
132 24.2808 1669887001
142 25.8368 1669887001
15 14.4058 1669887031
21 16.0468 1669887031
37 17.9492 1669887031
49 18.1792 1669887031
112 19.9962 1669887031
129 23.5398 1669887031
132 24.272 1669887031
142 25.6973 1669887031
15 14.3742 1669887061
21 16.0144 1669887061
37 18.0571 1669887061
49 18.096 1669887061
112 19.8832 1669887061
129 23.5493 1669887061
132 24.4278 1669887061
142 25.6699 1669887061
15 14.2996 1669887091
21 15.8541 1669887091
37 18.0074 1669887091
49 18.3004 1669887091
112 19.7112 1669887091
129 23.4363 1669887091
132 24.4013 1669887091
142 25.8273 1669887091
15 14.4718 1669887121
21 15.8873 1669887121
37 17.9467 1669887121
49 18.4619 1669887121
112 19.693 1669887121
129 23.6329 1669887121
132 24.4892 1669887121
142 25.8795 1669887121
15 14.4724 1669887151
21 16.0022 1669887151
37 17.8828 1669887151
49 18.5416 1669887151
112 19.781 1669887151
129 23.7719 1669887151
132 24.5068 1669887151
142 25.8717 1669887151
15 14.5802 1669887181
21 15.8108 1669887181
37 17.6599 1669887181
49 18.5471 1669887181
112 19.8644 1669887181
129 23.7496 1669887181
132 24.4065 1669887181
142 26.0627 1669887181
15 14.6823 1669887211
21 16.0449 1669887211
37 17.751 1669887211
49 18.6883 1669887211
112 19.7092 1669887211
129 23.7389 1669887211
132 24.3343 1669887211
142 26.1676 1669887211
15 14.8902 1669887241
21 16.0287 1669887241
37 17.5793 1669887241
49 18.4846 1669887241
112 19.7994 1669887241
129 23.869 1669887241
132 24.1098 1669887241
142 25.9547 1669887241
15 14.6648 1669887271
21 15.8405 1669887271
37 17.5309 1669887271
49 18.7165 1669887271
112 20.0018 1669887271
129 23.8214 1669887271
132 23.9244 1669887271
142 26.1322 1669887271
15 14.9122 1669887301
21 16.0367 1669887301
37 17.5094 1669887301
49 18.7968 1669887301
112 20.0854 1669887301
129 23.6067 1669887301
132 23.9631 1669887301
142 26.0722 1669887301
15 14.9337 1669887331
21 16.1821 1669887331
37 17.6598 1669887331
49 18.9281 1669887331
112 20.0311 1669887331
129 23.6806 1669887331
132 23.7442 1669887331
142 26.2034 1669887331
15 14.9986 1669887361
21 16.0662 1669887361
37 17.5612 1669887361
49 19.0711 1669887361
112 20.2336 1669887361
129 23.7148 1669887361
132 23.815 1669887361
142 26.3807 1669887361
15 14.8547 1669887391
21 16.0152 1669887391
37 17.5989 1669887391
49 19.0478 1669887391
112 20.0567 1669887391
129 23.654 1669887391
132 23.6247 1669887391
142 26.2269 1669887391
15 14.9161 1669887421
21 15.7805 1669887421
37 17.6936 1669887421
49 18.8047 1669887421
112 20.2342 1669887421
129 23.5528 1669887421
132 23.4813 1669887421
142 26.3465 1669887421
15 14.8563 1669887451
21 15.7366 1669887451
37 17.9281 1669887451
49 18.7278 1669887451
112 20.2389 1669887451
129 23.4864 1669887451
132 23.5907 1669887451
142 26.462 1669887451
15 15.106 1669887481
21 15.6939 1669887481
37 17.6838 1669887481
49 18.7084 1669887481
112 20.449 1669887481
129 23.4579 1669887481
132 23.819 1669887481
142 26.4205 1669887481
15 15.0017 1669887511
21 15.6634 1669887511
37 17.5259 1669887511
49 18.6576 1669887511
112 20.6568 1669887511
129 23.5738 1669887511
132 23.6257 1669887511
142 26.1937 1669887511
15 14.759 1669887541
21 15.548 1669887541
37 17.5661 1669887541
49 18.6383 1669887541
112 20.6575 1669887541
129 23.7175 1669887541
132 23.6323 1669887541
142 25.9459 1669887541
15 14.7632 1669887571
21 15.6129 1669887571
37 17.7324 1669887571
49 18.4825 1669887571
112 20.7691 1669887571
129 23.9082 1669887571
132 23.6237 1669887571
142 26.0087 1669887571
15 14.5692 1669887601
21 15.8491 1669887601
37 17.6014 1669887601
49 18.4551 1669887601
112 20.6285 1669887601
129 23.8833 1669887601
132 23.4837 1669887601
142 26.1713 1669887601
15 14.6996 1669887631
21 15.6279 1669887631
37 17.5311 1669887631
49 18.4877 1669887631
112 20.4306 1669887631
129 24.0743 1669887631
132 23.2357 1669887631
142 26.1045 1669887631
15 14.5196 1669887661
21 15.4988 1669887661
37 17.6055 1669887661
49 18.4873 1669887661
112 20.3845 1669887661
129 23.9483 1669887661
132 23.0658 1669887661
142 25.9935 1669887661
15 14.3528 1669887691
21 15.7323 1669887691
37 17.6854 1669887691
49 18.5075 1669887691
112 20.5039 1669887691
129 24.0564 1669887691
132 23.0245 1669887691
142 26.0711 1669887691
15 14.2911 1669887721
21 15.9164 1669887721
37 17.4866 1669887721
49 18.4055 1669887721
112 20.3829 1669887721
129 23.9479 1669887721
132 23.12 1669887721
142 26.2442 1669887721
15 14.0442 1669887751
21 15.6979 1669887751
37 17.4062 1669887751
49 18.2746 1669887751
112 20.283 1669887751
129 23.7773 1669887751
132 23.302 1669887751
142 26.3995 1669887751
15 13.873 1669887781
21 15.7782 1669887781
37 17.6107 1669887781
49 18.1911 1669887781
112 20.1339 1669887781
129 23.8271 1669887781
132 23.4725 1669887781
142 26.2776 1669887781
15 13.8602 1669887811
21 15.652 1669887811
37 17.5243 1669887811
49 18.428 1669887811
112 20.3665 1669887811
129 23.6977 1669887811
132 23.2252 1669887811
142 26.0378 1669887811
15 13.6947 1669887841
21 15.471 1669887841
37 17.6336 1669887841
49 18.5159 1669887841
112 20.3277 1669887841
129 23.4536 1669887841
132 23.0869 1669887841
142 25.8063 1669887841
15 13.4857 1669887871
21 15.452 1669887871
37 17.7828 1669887871
49 18.6515 1669887871
112 20.3004 1669887871
129 23.4671 1669887871
132 23.1891 1669887871
142 25.6317 1669887871
15 13.5822 1669887901
21 15.5782 1669887901
37 17.7073 1669887901
49 18.7237 1669887901
112 20.3457 1669887901
129 23.4405 1669887901
132 23.1193 1669887901
142 25.8753 1669887901
15 13.6517 1669887931
21 15.6026 1669887931
37 17.7632 1669887931
49 18.9185 1669887931
112 20.2312 1669887931
129 23.5272 1669887931
132 23.2581 1669887931
142 25.654 1669887931
15 13.586 1669887961
21 15.6913 1669887961
37 17.9878 1669887961
49 18.7357 1669887961
112 20.078 1669887961
129 23.4783 1669887961
132 23.2883 1669887961
142 25.5537 1669887961
15 13.8308 1669887991
21 15.5862 1669887991
37 18.0995 1669887991
49 18.5743 1669887991
112 19.988 1669887991
129 23.7271 1669887991
132 23.3366 1669887991
142 25.4421 1669887991
15 13.7113 1669888021
21 15.5608 1669888021
37 18.143 1669888021
49 18.5826 1669888021
112 19.7739 1669888021
129 23.6606 1669888021
132 23.4592 1669888021
142 25.3678 1669888021
15 13.9254 1669888051
21 15.3274 1669888051
37 18.0324 1669888051
49 18.4884 1669888051
112 19.9372 1669888051
129 23.4226 1669888051
132 23.4857 1669888051
142 25.2313 1669888051
15 13.8213 1669888081
21 15.575 1669888081
37 18.0755 1669888081
49 18.3896 1669888081
112 19.6999 1669888081
129 23.3224 1669888081
132 23.671 1669888081
142 25.1869 1669888081
15 14.0575 1669888111
21 15.6093 1669888111
37 17.9967 1669888111
49 18.2658 1669888111
112 19.6312 1669888111
129 23.1887 1669888111
132 23.7496 1669888111
142 25.0852 1669888111
15 13.9745 1669888141
21 15.7754 1669888141
37 17.8477 1669888141
49 18.0262 1669888141
112 19.6816 1669888141
129 23.1963 1669888141
132 23.9172 1669888141
142 25.2185 1669888141
15 14.1818 1669888171
21 15.6051 1669888171
37 17.8344 1669888171
49 18.0089 1669888171
112 19.694 1669888171
129 23.1884 1669888171
132 24.0639 1669888171
142 25.1943 1669888171
15 14.1909 1669888201
21 15.592 1669888201
37 17.8136 1669888201
49 18.2563 1669888201
112 19.6583 1669888201
129 23.2274 1669888201
132 23.8244 1669888201
142 24.9583 1669888201
15 14.1078 1669888231
21 15.7897 1669888231
37 17.8645 1669888231
49 18.3743 1669888231
112 19.5684 1669888231
129 23.3973 1669888231
132 23.7725 1669888231
142 24.8263 1669888231
15 14.1345 1669888261
21 15.7044 1669888261
37 17.7349 1669888261
49 18.6051 1669888261
112 19.6757 1669888261
129 23.1696 1669888261
132 23.9538 1669888261
142 24.8827 1669888261
15 14.1291 1669888291
21 15.8401 1669888291
37 17.9411 1669888291
49 18.6766 1669888291
112 19.6688 1669888291
129 23.2968 1669888291
132 23.9893 1669888291
142 24.7831 1669888291
15 13.9355 1669888321
21 15.9052 1669888321
37 18.1725 1669888321
49 18.7891 1669888321
112 19.799 1669888321
129 23.1264 1669888321
132 23.7829 1669888321
142 24.8628 1669888321
15 13.8218 1669888351
21 15.7343 1669888351
37 18.271 1669888351
49 18.5405 1669888351
112 19.665 1669888351
129 23.3059 1669888351
132 23.9972 1669888351
142 25.0298 1669888351
15 13.8644 1669888381
21 15.5684 1669888381
37 18.2217 1669888381
49 18.4326 1669888381
112 19.7218 1669888381
129 23.4786 1669888381
132 24.0076 1669888381
142 25.2209 1669888381
15 13.6871 1669888411
21 15.6022 1669888411
37 18.1597 1669888411
49 18.6091 1669888411
112 19.5443 1669888411
129 23.6351 1669888411
132 24.082 1669888411
142 25.2332 1669888411
15 13.808 1669888441
21 15.7938 1669888441
37 18.1714 1669888441
49 18.4232 1669888441
112 19.4056 1669888441
129 23.6824 1669888441
132 24.1346 1669888441
142 25.0406 1669888441
15 13.6768 1669888471
21 15.9846 1669888471
37 17.9977 1669888471
49 18.5706 1669888471
112 19.2771 1669888471
129 23.9027 1669888471
132 24.1593 1669888471
142 25.2597 1669888471
15 13.4877 1669888501
21 16.0252 1669888501
37 17.9431 1669888501
49 18.6402 1669888501
112 19.3772 1669888501
129 23.7013 1669888501
132 23.9196 1669888501
142 25.2845 1669888501
15 13.2528 1669888531
21 15.9989 1669888531
37 17.6939 1669888531
49 18.7672 1669888531
112 19.3361 1669888531
129 23.766 1669888531
132 23.7566 1669888531
142 25.2511 1669888531
15 13.0947 1669888561
21 15.9106 1669888561
37 17.681 1669888561
49 18.9148 1669888561
112 19.3688 1669888561
129 23.8736 1669888561
132 23.5353 1669888561
142 25.4639 1669888561
15 12.9964 1669888591
21 16.0115 1669888591
37 17.9076 1669888591
49 18.9071 1669888591
112 19.4949 1669888591
129 23.9807 1669888591
132 23.3711 1669888591
142 25.7117 1669888591
